((("good" .
   [1 0 0 0])
  ("techreports" .
   [1 0 0 0 0 0 0 0 0 0 0])
  ("unpub" .
   [1 0 0 0 0])
  ("printbib" .
   [1 0 0 0 0 0 0 0])
  ("quantile" .
   [1 0 0 0 0 0 0 0])
  ("pdmc" .
   [1 0 0 0])
  ("lb" .
   [1 0])
  ("mcpoc" .
   [1 0 0 0 0])
  ("surrogate" .
   [1 0 0 0 0 0 0 0 0])
  ("bmi14" .
   [1 0 0 0 0])
  ("pht" .
   [1 0 0])
  ("addtocategory" .
   [1 0 0 0 0 0 0 0 0 0 0 0 0])
  ("iris" .
   [1 0 0 1])
  ("knn" .
   [1 0 0])
  ("KNeighborsClassifier" .
   [0 0 1 0 0 0 0 0 0 0 0 0 0 0 0 0 0 0 0 0])
  ("Neighbor" .
   [0 0 0 0 0 0 0 2])
  ("sklearn" .
   [0 0 0 1 0 0 0])
  ("svc" .
   [1 0 0])
  ("target" .
   [1 0 0 0 1 0])
  ("load_diabetes" .
   [0 0 0 0 0 0 0 0 0 1 0 0 0])
  ("datasets" .
   [0 0 0 0 0 0 0 1])
  ("diabetes" .
   [2 0 0 2 0 0 1 0])
  ("sqrt2" .
   [0 0 0 1 0])
  ("Python" .
   [0 0 1 0 0 0])
  ("plot" .
   [1 0 0 0])
  ("linspace" .
   [0 0 0 0 0 1 0 0])
  ("the" .
   [2 0 0])
  ("what" .
   [2 0 0 0])
  ("lapply" .
   [1 0 0 0 0 0])
  ("ifelse" .
   [1 0 0 0 1 0])
  ("which" .
   [2 0 0 0 0])
  ("character" .
   [0 0 0 0 0 0 1 0 0])
  ("function" .
   [5 0 0 0 0 0 0 0])
  ("strsplit" .
   [0 0 0 0 1 0 0 0])
  ("cmt" .
   [1 0 0])
  ("txt" .
   [1 0 0])
  ("grepl" .
   [1 0 0 0 1])
  ("readLines" .
   [0 0 0 0 0 0 0 1 0])
  ("NA" .
   [4 0])
  ("exp" .
   [1 0 0])
  ("100" .
   [1 0 1])
  ("1e" .
   [1 0])
  ("pi" .
   [1 0])
  ("NULL" .
   [2 0 1 1])
  ("length" .
   [0 0 0 0 0 2])
  ("median" .
   [1 0 0 0 0 0])
  ("sum" .
   [1 0 0])
  ("L$y" .
   [1 0 0])
  ("capColor" .
   [1 0 0 0 0 0 0 0])
  ("list" .
   [1 0 0 0])
  ("meshgrid" .
   [0 0 0 0 1 0 0 0])
  ("arange" .
   [0 0 0 1 0 0])
  ("points" .
   [2 0 1 0 0 0])
  ("arr" .
   [3 0 0])
  ("empty" .
   [1 0 0 0 0])
  ("10" .
   [1 0])
  ("zeros" .
   [2 0 0 0 0])
  ("data2" .
   [1 0 0 0 0])
  ("4" .
   [3])
  ("3" .
   [3])
  ("2" .
   [4])
  ("as" .
   [2 0])
  ("numpy" .
   [1 0 0 0 0])
  ("import" .
   [1 0 0 1 1 0])
  ("data1" .
   [1 0 0 0 0])
  ("array" .
   [3 0 0 0 0])
  ("np" .
   [9 0])
  ("1" .
   [5])
  ("0" .
   [2])
  ("5" .
   [5])
  ("7" .
   [2])
  ("6" .
   [4])
  ("data" .
   [2 0 1 0])
  ("for" .
   [1 0 0])
  ("hex" .
   [1 0 0])
  ("DeprecationWarning" .
   [0 0 1 0 0 0 0 0 0 0 0 0 0 0 0 0 0 0])
  ("frozenset" .
   [0 0 0 1 0 0 0 0 0])
  ("from" .
   [3 0 0 0])
  ("wholenump" .
   [0 0 1 0 0 0 0 0 0])
  ("while" .
   [1 0 0 0 0])
  ("PendingDeprecationWarning" .
   [0 1 0 0 0 0 0 0 0 0 0 0 0 0 0 0 0 0 0 0 0 0 0 0 0])
  ("endsas" .
   [3 0 0 0 0 0])
  ("End" .
   [7 0 1])
  ("Year" .
   [3 0 2 1])
  ("of" .
   [2 0])
  ("BCFI" .
   [1 1 0 0])
  ("standardFields" .
   [0 0 0 0 0 1 0 0 0 0 0 0 0 0])
  ("Plot" .
   [0 0 0 1])
  ("How" .
   [1 0 0])
  ("and" .
   [1 0 0])
  ("test" .
   [1 0 0 0])
  ("abcdefghijklmnopqrstuvwxyz1234567890" .
   [1 0 0 0 0 0 0 0 0 0 0 0 0 0 0 0 0 0 0 0 0 0 0 0 0 0 0 0 0 0 0 0 0 0 0 0])
  ("ggplot" .
   [1 0 0 0 0 0])
  ("data.frame" .
   [0 0 0 0 0 0 1 0 0 0])
  ("aes" .
   [1 0 0])))
